   0.0000000e+00   1.9650000e+01
   5.0000000e+02   1.9650000e+01
   1.5000000e+03   1.9650000e+01
   2.5000000e+03   1.9650000e+01
   3.5000000e+03   1.9650000e+01
   4.5000000e+03   1.9650000e+01
   5.5000000e+03   1.9650000e+01
   6.5000000e+03   1.9650000e+01
   7.5000000e+03   1.9650000e+01
   8.5000000e+03   1.9650000e+01
   9.5000000e+03   1.9650000e+01
   1.0500000e+04   1.9650000e+01
   1.1500000e+04   1.9650000e+01
   1.2500000e+04   1.9825000e+01
   1.3500000e+04   2.0250000e+01
   1.4500000e+04   2.0875000e+01
   1.5500000e+04   2.1775000e+01
   1.6500000e+04   2.3000000e+01
   1.7500000e+04   2.4525000e+01
   1.8500000e+04   2.5800000e+01
   1.9500000e+04   2.6200000e+01
   2.0500000e+04   2.4400000e+01
   2.1500000e+04   2.0725000e+01
   2.2500000e+04   1.6050000e+01
   2.3500000e+04   1.1350000e+01
   2.4500000e+04   8.0500000e+00
   2.5500000e+04   5.7125000e+00
   2.6500000e+04   4.0325000e+00
   2.7500000e+04   2.8525000e+00
   2.8500000e+04   2.0200000e+00
   2.9500000e+04   1.4300000e+00
   3.0500000e+04   9.2750000e-01
   3.1500000e+04   5.2250000e-01
   3.2500000e+04   2.9300000e-01
   3.3500000e+04   1.6475000e-01
   3.4500000e+04   9.2750000e-02
   3.5500000e+04   5.2250000e-02
   3.6500000e+04   2.9300000e-02
   3.7500000e+04   1.6450000e-02
   3.8500000e+04   9.3000000e-03
   3.9500000e+04   5.2000000e-03
   4.0500000e+04   2.9500000e-03
   4.1500000e+04   1.8500000e-03
   4.2500000e+04   1.2000000e-03
   4.3500000e+04   6.5000000e-04
   4.4500000e+04   4.0000000e-04
   4.5500000e+04   3.0000000e-04
   4.6500000e+04   2.0000000e-04
   4.7500000e+04   1.0000000e-04
   4.8500000e+04   3.0000000e-05
   4.9500000e+04   1.0000000e-05
   5.0500000e+04   0.0000000e+00
